1.70 	8.07 	
3.09 	20.33 	5.15 	0.02 
3.85 	38.22 	6.98 	0.05 
4.39 	57.31 	17.85 	0.10 
5.25 	60.69 	7.47 	0.25 
5.84 	36.91 	7.24 	0.09 
6.40 	32.34 	6.32 	0.10 
7.53 	21.93 	5.13 	0.10 
8.59 	23.18 	6.26 	0.11 
9.15 	14.42 	6.29 	0.10 
9.90 	8.86 	2.70 	0.04 
10.48 	10.30 	3.25 	0.09 
11.42 	8.93 	3.25 	0.12 
12.38 	5.55 	1.72 	0.08 
13.43 	3.41 	0.94 	0.11 
14.42 	5.41 	1.41 	0.20 
15.53 	2.12 	1.37 	0.12 
16.70 	0.52 	
17.55 	4.03 	3.69 	0.25 
19.55 	3.35 	0.65 	0.13 
20.30 	10.64 	
21.35 	2.40 	0.64 	0.19 
22.20 	3.09 	1.13 	0.06 
23.40 	1.29 	0.40 	0.13 
24.70 	1.46 	0.43 	0.10 



























