00.0	15.9	5.121820148	0
1.3	345.1	
2.0	882.6	
3.1	818.3	138.667475	0.02206
4.5	885.2	58.008	0.168925
5.5	2315.5	
6.5	3338.2	703.4487136	0.221546132
7.4	4123.2	
8.6	1991.7	413.701885	0.178655498
10.6	1684.8	98.40989	0.291575
11.3	1033.1	247.3552647	0.087269671
12.8	1012.8	313.9195148	0.035954049
13.3	1008.8	532.724915	0.262405
14.4	618.3	225.5960459	0.318890831
15.3	546.4	348.83853	0.2574
16.3	592.9	
19.1	325.3	
21.6	283.9	107.9861649	0.16498023
22.5	143.0	
23.8	129.9	47.858255	0.09696
24.2	166.8	
25.9	51.1	1.941035	0.01897
26.1	93.7	
27.4	164.3	
28.5	65.9	16.84491016	0.117084643
30.6	62.8	
31.6	48.1	0.24013	0.36226
32.2	28.3	
33.4	34.0	5.33541	0.297865
35.6	37.0	11.337155	0.326295
36.1	70.6	
37.6	41.7	11.62399111	0.233687133
38.5	54.1	9.957530117	0.113178792
41.7	20.9	
45.5	70.5	39.83116	0.433265
46.6	19.7	4.663515	0.313355
47.5	37.5	
48.5	18.8	0.708375	0.019035
49.7	19.2	
50.9	15.0	
52.7	15.5	3.70505	0.27725
53.0	23.0	
54.2	36.7	8.468873615	0.085748426
55.0	16.3