0.0	18.1	4.483646497	0
3.6	447.1	157.7427797	0.057023676
6.7	1099.2	264.821614	0.013793981
7.2	1301.6	149.630495	0.120195
8.6	1232.6	298.672739	0.183117634
9.0	543.9	
10.4	1221.0	
11.5	986.8	225.0727814	0.15642954
12.4	826.4	232.6811595	0.103019595
13.2	956.7	
14.1	410.9	255.728505	0.064705
15.5	282.2	43.15013	0.24499
17.7	258.5	
20.6	160.7	54.08799	0.155235
21.5	134.2	71.08388643	0.209516259
22.6	84.0	
24.9	79.3		
25.2	96.6	
26.4	77.0	26.2752136	0.119480671
28.6	46.4	
30.5	53.7	
31.6	37.5	
33.8	27.2	
34.8	28.8	
35.3	50.2	
36.5	67.1	36.584045	0.24629
37.7	34.1	1.427035	0.11582
38.3	87.5	29.66961499	0.20699159
39.8	50.3
40.1	59.4	
44.9	26.2
45.6	35.9	18.7333627	0.186719656
46.7	21.3	6.504435	0.070615
49.4	28.4	10.29229	0.21371
50.1	10.6
52.7	25.5	9.41973	0.09663
53.4	16.8	11.06249	0.167295
54.7	5.4
55.4	21.4	9.235665	0.340295
